750
33
136
186
308
317
748
766
854
120
638
325
644
309
536
673 909
47 58
360
473
269 928
139
130 335
281
228
87
223 952
180 968
942
504
383 522
924
219
27 280
10 881
751 846
939
558 762
650
293
938
970
575
802
589 920
327 577
386 717
95 162
852
60
586 651
810 911
237 548
92
688
907
725
81
450
243 801
770 960
109
820
864
294
691
252 318
202
394 999
305
65 686
537 837
6 882
743
73
931
354
114 601
110
489
926
592
986
598 666
77
849
279
178
839
790
518 618
217
127
954
499
895
299
427 873
31 918
238 434
72 152
49 967
98
140
944
323
135
39
378
733
233
358
641
992
337 709
260
767
867
605
433
41
389
419 946
554
276
901 961
675 749
57 720
215 798
209
777
683 947
133 661
815
271 355
869
514
222
480
663
251
513 825
591
964
413 600
436
257 973
26 97
34
275
497
700 858
458 795
239
708
886
457
267
692
274
62
167
680
642
192
1
914
170
746
913
102 714
320
206 409
461 721
899
71 487
424 465
126 991
444 615
463
304 866
96 841
529 620
930 980
345 494
111
702
648
552 828
128 324
266 395
89
878
829
731 902
42
491
626
629
495 543
100
196
254
277
778
340
107
258
351
357
787
106
14
975
531
559
887
812
729
831
649
232
757
791
284
342
741
611
348
439
923
556
756
634 885
181
129 204
30 91
82 808
61 715
59 835
273 405
227 716
564 711
809
921
11
604
113
524 689
63
505
189
724
553 824
51 55
478 562
736
211
905
13
606
287
326
429
462
707
557
509
681 832
165 418
364
375 934
769 949
469 814
588
373 993
270 760
723
627
959
421
116 817
551
541
519
379
404
352
242 676
527 737
827
300
156 264
50
173 195
93 884
76 898
583 625
933
356
194
179
225
235
845
164
874
460
498 981
44 322
153 525
236 403
584
412
56
593
303
282
230
871 891
772
859
526
971
616
75
734
278
764
713
306 632
579 608
46 628
624 630
432 904
578 710
159
370
23
567
596
198 637
124 617
88 977
188 365
249 916
728
533
288 653
987
948
83
183 659
752 932
443 501
90
314
633 763
842
346
442
441
900
435
677
268
516
253 744
185 995
423
244 590
67 789
454 982
853 984
384 664
735 813
363 705
119 585
334
506
132
176
614
7
963
779
739
380
687
74
639
647
561
272
301
459 503
411
148
245
477
21
203
546
149
532
877
520
570
315
190 474
994
336 696
69 80
445 544
163 422
101 607
662 903
205
978
722
694
112
177
485
292
693
917
863
377
374
655
425
362
440
719
962
359 417
2 876
390 534
117 929
576
3
387
138 455
511 774
603 697
754
298
19
446
289 490
542 609
366 580
171 566
0 581
388 449
368 399
447 481
398 988
665 684
158 259
371 941
718
955
668 883
678
747
690
976
333
602
25
261
349
966
240
565
732
750 996
786
738
844
420
594
830
502
807
574
508
210
539
406
742
951
466 726
381
848
597
168 857
972
329
347
893
343 990
45
523 974
669
865
654
549
431
712
622 759
595 847
48
160 248
468
123 310
804
476 670
856 912
321 528
134 915
467
699 861
52 631
438 943
410 414
416
888
496 636
936
896
68 872
15 512
456
70
154
483
220
745
451
803
312
792
486
682
229
530
400
613
727
392 635
20 407
582 685
704
174
212
104 143
768
145
290 979
997
53 415
99 868
550
376 793
783 910
555
22
775
906
500
958 985
989
610
983
645
35
84 218
241
391
908
950
397
623
32 957
517 796
161 226
619 698
221 452
246 535
79 965
193
776
671
328
393
922
36 307
836
706
311
319
656
621
316
17
367
587 657
64 86
730
935
332
361
969
800 840
108 471
9
118 191
103
286
78
811
843
453
799
265
823
4
753 833
18 464
860
5
652
640
674 740
12 643
131 816
331 806
479
761
998
372 781
187
547 788
344 612
821
646
29
141
137 782
408 818
521 572
353 703
197
66 94
369
200 953
330 426
338 945
216
560
771
448
396
850
890
493
826
38
208
115 892
475 492
285 834
151 172
701 940
224 402
313
385 660
297 773
250 937
545 894
401 879
765 862
40 482
350 571
150 231
341 897
755
184
515
569
925
780
658
672
488
851
207 956
175 599
855
255
247
263 695
667
37 54
16
213
870
784
875
214 510
538
122
43
785
157 295
679
819
201
121
540
24
125
147 199
234 428
155 927
758 794
105 146
470 838
8 291
889
182 339
262 563
797 805
169 437
166
296
283
144 256
382 573
484 568
880
85 919
472
302
28
507
430
142
822